% collect the wonderful colormap
function color_list()

% from 10.1038/s41467-017-02374-7
% fig. 3j
lee_color_1 =  [133 6   33
                234 136 107
                245 246 248
                111 175 211
                13  62  121];

end



